n_left_incrementer: 0.00757806301117
h_left_incrementer: 0.00755431175232
