1386639976.96
Left Sum Times

n_left_incrementer: 0.00737902641296
h_left_incrementer: 0.00756199359894

Difference: 0.000182967185974
