1386678685.36
Left Sum Times

n_left_incrementer: 0.00761012554169
h_left_incrementer: 0.00726040840149

Difference: 0.000349717140198
